timestamp, x, y, z
1.689068164835602944e+18,-3.200000000000000000e+02,-2.950000000000000000e+02,3.760000000000000000e+02
1.689068164835631872e+18,-2.960000000000000000e+02,-2.620000000000000000e+02,3.450000000000000000e+02
1.689068164835653632e+18,-2.170000000000000000e+02,-2.310000000000000000e+02,3.370000000000000000e+02
1.689068164835671552e+18,-2.050000000000000000e+02,-2.410000000000000000e+02,3.520000000000000000e+02
1.689068164835686400e+18,-2.080000000000000000e+02,-2.300000000000000000e+02,3.990000000000000000e+02
1.689068164835700992e+18,-2.000000000000000000e+02,-2.730000000000000000e+02,3.800000000000000000e+02
1.689068164835714048e+18,-2.260000000000000000e+02,-2.780000000000000000e+02,3.640000000000000000e+02
1.689068164835730432e+18,-1.910000000000000000e+02,-2.520000000000000000e+02,3.750000000000000000e+02
1.689068164835743744e+18,-2.090000000000000000e+02,-2.400000000000000000e+02,3.910000000000000000e+02
1.689068164835760640e+18,-1.920000000000000000e+02,-2.810000000000000000e+02,4.100000000000000000e+01
1.689068164835775232e+18,-1.760000000000000000e+02,-2.440000000000000000e+02,4.780000000000000000e+02
1.689068164835788288e+18,-1.780000000000000000e+02,-2.490000000000000000e+02,4.650000000000000000e+02
1.689068164835801088e+18,-1.780000000000000000e+02,-2.480000000000000000e+02,4.320000000000000000e+02
1.689068164835815168e+18,-1.850000000000000000e+02,-2.640000000000000000e+02,3.900000000000000000e+02
1.689068164835832064e+18,-2.170000000000000000e+02,-3.630000000000000000e+02,3.070000000000000000e+02
1.689068164835847936e+18,-2.120000000000000000e+02,-3.920000000000000000e+02,3.070000000000000000e+02
1.689068164835865088e+18,-2.480000000000000000e+02,-3.990000000000000000e+02,3.590000000000000000e+02
1.689068164835885056e+18,-3.200000000000000000e+02,-4.380000000000000000e+02,3.320000000000000000e+02
1.689068164835898880e+18,-3.110000000000000000e+02,-6.520000000000000000e+02,1.670000000000000000e+02
1.689068164835914240e+18,-2.150000000000000000e+02,-4.760000000000000000e+02,1.310000000000000000e+02
1.689068164835941376e+18,-2.600000000000000000e+01,-3.680000000000000000e+02,8.100000000000000000e+01
1.689068164835956480e+18,7.900000000000000000e+01,-4.300000000000000000e+02,-8.000000000000000000e+01
1.689068164835969792e+18,8.300000000000000000e+01,-3.440000000000000000e+02,7.000000000000000000e+00
1.689068164835986432e+18,2.070000000000000000e+02,-4.510000000000000000e+02,-5.700000000000000000e+01
1.689068164836001280e+18,2.140000000000000000e+02,-3.200000000000000000e+02,3.100000000000000000e+01
1.689068164836016640e+18,1.720000000000000000e+02,-3.270000000000000000e+02,-9.000000000000000000e+00
1.689068164836040960e+18,1.870000000000000000e+02,-4.190000000000000000e+02,-9.700000000000000000e+01
1.689068164836054528e+18,1.880000000000000000e+02,-4.560000000000000000e+02,-8.400000000000000000e+01
1.689068164836071936e+18,1.920000000000000000e+02,-4.060000000000000000e+02,-5.500000000000000000e+01
1.689068164836089856e+18,1.850000000000000000e+02,-4.030000000000000000e+02,-3.200000000000000000e+01
1.689068164836105216e+18,1.950000000000000000e+02,-4.250000000000000000e+02,-2.900000000000000000e+01
1.689068164836119040e+18,1.960000000000000000e+02,-4.080000000000000000e+02,-5.500000000000000000e+01
1.689068164836132096e+18,1.950000000000000000e+02,-4.150000000000000000e+02,-6.100000000000000000e+01
1.689068164836145920e+18,2.160000000000000000e+02,-4.240000000000000000e+02,-5.500000000000000000e+01
1.689068164836160768e+18,2.240000000000000000e+02,-4.250000000000000000e+02,-1.160000000000000000e+02
1.689068164836175360e+18,2.440000000000000000e+02,-4.380000000000000000e+02,-1.160000000000000000e+02
1.689068164836188928e+18,2.800000000000000000e+02,-3.590000000000000000e+02,-2.160000000000000000e+02
1.689068164836204032e+18,2.870000000000000000e+02,-3.370000000000000000e+02,-2.580000000000000000e+02
1.689068164836217088e+18,3.230000000000000000e+02,-2.680000000000000000e+02,-2.840000000000000000e+02
1.689068164836230144e+18,3.210000000000000000e+02,-2.060000000000000000e+02,-2.730000000000000000e+02
1.689068164836243456e+18,3.070000000000000000e+02,-1.800000000000000000e+02,-2.560000000000000000e+02
1.689068164836258560e+18,3.070000000000000000e+02,-2.060000000000000000e+02,-2.550000000000000000e+02
1.689068164836273152e+18,2.910000000000000000e+02,-1.670000000000000000e+02,-1.160000000000000000e+02
1.689068164836288512e+18,3.120000000000000000e+02,-2.400000000000000000e+02,-2.870000000000000000e+02
1.689068164836302848e+18,3.120000000000000000e+02,-2.990000000000000000e+02,-1.890000000000000000e+02
1.689068164836317440e+18,2.950000000000000000e+02,-3.310000000000000000e+02,-1.320000000000000000e+02
1.689068164836330496e+18,2.890000000000000000e+02,-3.190000000000000000e+02,-1.480000000000000000e+02
1.689068164836344064e+18,2.890000000000000000e+02,-2.780000000000000000e+02,-1.720000000000000000e+02
1.689068164836358144e+18,2.870000000000000000e+02,-1.120000000000000000e+02,-5.700000000000000000e+01
1.689068164836370944e+18,2.700000000000000000e+02,-1.420000000000000000e+02,2.800000000000000000e+01
1.689068164836383488e+18,2.470000000000000000e+02,-2.160000000000000000e+02,9.600000000000000000e+01
1.689068164836396032e+18,2.550000000000000000e+02,-2.410000000000000000e+02,1.400000000000000000e+02
1.689068164836408576e+18,2.460000000000000000e+02,-3.230000000000000000e+02,1.510000000000000000e+02
1.689068164836421376e+18,2.590000000000000000e+02,-3.320000000000000000e+02,1.520000000000000000e+02
1.689068164836433920e+18,2.440000000000000000e+02,-2.880000000000000000e+02,1.680000000000000000e+02
1.689068164836446464e+18,2.190000000000000000e+02,-3.040000000000000000e+02,1.840000000000000000e+02
1.689068164836458752e+18,2.140000000000000000e+02,-3.210000000000000000e+02,1.980000000000000000e+02
1.689068164836471040e+18,1.950000000000000000e+02,-3.520000000000000000e+02,2.230000000000000000e+02
1.689068164836483072e+18,1.920000000000000000e+02,-3.660000000000000000e+02,2.680000000000000000e+02
1.689068164836495104e+18,2.010000000000000000e+02,-3.580000000000000000e+02,2.870000000000000000e+02
1.689068164836507136e+18,2.070000000000000000e+02,-3.280000000000000000e+02,2.680000000000000000e+02
1.689068164836519424e+18,1.990000000000000000e+02,-3.350000000000000000e+02,2.080000000000000000e+02
1.689068164836531456e+18,1.770000000000000000e+02,-3.710000000000000000e+02,1.750000000000000000e+02
1.689068164836543744e+18,1.270000000000000000e+02,-4.080000000000000000e+02,1.580000000000000000e+02
1.689068164836555520e+18,1.270000000000000000e+02,-4.680000000000000000e+02,1.360000000000000000e+02
1.689068164836569344e+18,1.050000000000000000e+02,-4.670000000000000000e+02,1.430000000000000000e+02
1.689068164836584448e+18,5.600000000000000000e+01,-3.990000000000000000e+02,1.160000000000000000e+02
1.689068164836597504e+18,3.200000000000000000e+01,-4.550000000000000000e+02,7.100000000000000000e+01
1.689068164836609792e+18,4.900000000000000000e+01,-5.190000000000000000e+02,5.400000000000000000e+01
1.689068164836622336e+18,7.800000000000000000e+01,-5.240000000000000000e+02,7.100000000000000000e+01
1.689068164836634624e+18,9.400000000000000000e+01,-5.560000000000000000e+02,1.900000000000000000e+01
1.689068164836646912e+18,1.190000000000000000e+02,-5.660000000000000000e+02,-6.800000000000000000e+01
1.689068164836659712e+18,1.070000000000000000e+02,-5.980000000000000000e+02,-1.130000000000000000e+02
1.689068164836678656e+18,8.900000000000000000e+01,-6.590000000000000000e+02,-1.120000000000000000e+02
1.689068164836690944e+18,8.700000000000000000e+01,-6.540000000000000000e+02,-1.320000000000000000e+02
1.689068164836703232e+18,9.200000000000000000e+01,-6.160000000000000000e+02,-1.850000000000000000e+02
1.689068164836715008e+18,8.900000000000000000e+01,-6.250000000000000000e+02,-2.180000000000000000e+02
1.689068164836729088e+18,8.300000000000000000e+01,-5.790000000000000000e+02,-1.850000000000000000e+02
1.689068164836744960e+18,6.700000000000000000e+01,-5.080000000000000000e+02,-1.770000000000000000e+02
1.689068164836759552e+18,4.700000000000000000e+01,-4.110000000000000000e+02,-2.160000000000000000e+02
1.689068164836773120e+18,2.500000000000000000e+01,-3.590000000000000000e+02,-2.570000000000000000e+02
1.689068164836786688e+18,-1.300000000000000000e+01,-4.330000000000000000e+02,-3.140000000000000000e+02
1.689068164836799744e+18,-5.500000000000000000e+01,-5.440000000000000000e+02,-3.200000000000000000e+02
1.689068164836812800e+18,-7.200000000000000000e+01,-5.470000000000000000e+02,-2.820000000000000000e+02
1.689068164836825344e+18,-5.500000000000000000e+01,-4.120000000000000000e+02,-2.580000000000000000e+02
1.689068164836837632e+18,-6.800000000000000000e+01,-2.960000000000000000e+02,-2.530000000000000000e+02
1.689068164836850432e+18,-1.360000000000000000e+02,-3.040000000000000000e+02,-2.210000000000000000e+02
1.689068164836863232e+18,-2.000000000000000000e+02,-4.300000000000000000e+02,-1.890000000000000000e+02
1.689068164836875264e+18,-1.220000000000000000e+02,-5.360000000000000000e+02,-1.940000000000000000e+02
1.689068164836888064e+18,-7.200000000000000000e+01,-3.980000000000000000e+02,-2.740000000000000000e+02
1.689068164836900352e+18,-1.640000000000000000e+02,-3.070000000000000000e+02,-2.810000000000000000e+02
1.689068164836912896e+18,-1.930000000000000000e+02,-2.890000000000000000e+02,-2.210000000000000000e+02
1.689068164836925184e+18,-1.680000000000000000e+02,-3.040000000000000000e+02,-1.840000000000000000e+02
1.689068164836939264e+18,-1.360000000000000000e+02,-3.440000000000000000e+02,-2.240000000000000000e+02
1.689068164836953344e+18,-7.600000000000000000e+01,-3.450000000000000000e+02,-3.030000000000000000e+02
1.689068164836965888e+18,-8.000000000000000000e+01,-3.020000000000000000e+02,-3.460000000000000000e+02
1.689068164836978688e+18,-9.600000000000000000e+01,-1.760000000000000000e+02,-3.360000000000000000e+02
1.689068164836991232e+18,-8.900000000000000000e+01,-9.600000000000000000e+01,-3.050000000000000000e+02
1.689068164837003520e+18,-5.700000000000000000e+01,-1.120000000000000000e+02,-2.920000000000000000e+02
1.689068164837016576e+18,-4.800000000000000000e+01,-1.340000000000000000e+02,-2.790000000000000000e+02
1.689068164837028864e+18,-4.800000000000000000e+01,-1.080000000000000000e+02,-3.060000000000000000e+02
1.689068164837041664e+18,-7.900000000000000000e+01,-8.900000000000000000e+01,-3.460000000000000000e+02
1.689068164837054720e+18,-7.400000000000000000e+01,-6.700000000000000000e+01,-3.560000000000000000e+02
1.689068164837067264e+18,-5.200000000000000000e+01,-7.200000000000000000e+01,-3.400000000000000000e+02
1.689068164837079808e+18,-3.600000000000000000e+01,-9.900000000000000000e+01,-3.130000000000000000e+02
1.689068164837092096e+18,-4.500000000000000000e+01,-1.080000000000000000e+02,-3.130000000000000000e+02
1.689068164837104896e+18,-6.300000000000000000e+01,-1.350000000000000000e+02,-3.510000000000000000e+02
1.689068164837117952e+18,-7.900000000000000000e+01,-1.360000000000000000e+02,-3.590000000000000000e+02
1.689068164837130496e+18,-9.300000000000000000e+01,-1.530000000000000000e+02,-3.490000000000000000e+02
1.689068164837144064e+18,-8.700000000000000000e+01,-1.530000000000000000e+02,-3.410000000000000000e+02
1.689068164837156864e+18,-6.600000000000000000e+01,-1.510000000000000000e+02,-3.430000000000000000e+02
1.689068164837169408e+18,-6.000000000000000000e+01,-1.550000000000000000e+02,-3.750000000000000000e+02
1.689068164837185536e+18,-6.800000000000000000e+01,-1.880000000000000000e+02,-4.090000000000000000e+02
1.689068164837198848e+18,-8.900000000000000000e+01,-1.950000000000000000e+02,-4.240000000000000000e+02
1.689068164837211392e+18,-1.280000000000000000e+02,-2.010000000000000000e+02,-3.930000000000000000e+02
1.689068164837223936e+18,-1.410000000000000000e+02,-2.160000000000000000e+02,-3.650000000000000000e+02
1.689068164837238784e+18,-1.440000000000000000e+02,-2.360000000000000000e+02,-3.540000000000000000e+02
1.689068164837251328e+18,-1.140000000000000000e+02,-2.240000000000000000e+02,-3.600000000000000000e+02
1.689068164837263360e+18,-1.130000000000000000e+02,-2.040000000000000000e+02,-3.610000000000000000e+02
1.689068164837275648e+18,-1.130000000000000000e+02,-2.240000000000000000e+02,-3.330000000000000000e+02
1.689068164837287680e+18,-1.050000000000000000e+02,-2.480000000000000000e+02,-2.880000000000000000e+02
1.689068164837302272e+18,-9.700000000000000000e+01,-2.430000000000000000e+02,-2.850000000000000000e+02
1.689068164837315072e+18,-9.800000000000000000e+01,-2.090000000000000000e+02,-3.200000000000000000e+02
1.689068164837333760e+18,-1.050000000000000000e+02,-2.170000000000000000e+02,-3.560000000000000000e+02
1.689068164837346304e+18,-8.800000000000000000e+01,-2.490000000000000000e+02,-3.750000000000000000e+02
1.689068164837358336e+18,-8.400000000000000000e+01,-2.840000000000000000e+02,-3.850000000000000000e+02
1.689068164837371136e+18,-8.900000000000000000e+01,-2.780000000000000000e+02,-3.800000000000000000e+02
1.689068164837383168e+18,-1.220000000000000000e+02,-2.630000000000000000e+02,-3.850000000000000000e+02
1.689068164837395712e+18,-1.250000000000000000e+02,-2.400000000000000000e+02,-3.770000000000000000e+02
1.689068164837409280e+18,-1.060000000000000000e+02,-2.300000000000000000e+02,-3.940000000000000000e+02
1.689068164837422336e+18,-8.000000000000000000e+01,-1.680000000000000000e+02,-4.090000000000000000e+02
1.689068164837435136e+18,-8.200000000000000000e+01,-1.520000000000000000e+02,-3.920000000000000000e+02
1.689068164837447680e+18,-7.200000000000000000e+01,-1.880000000000000000e+02,-3.270000000000000000e+02
1.689068164837460480e+18,-4.500000000000000000e+01,-1.880000000000000000e+02,-2.820000000000000000e+02
1.689068164837472768e+18,-1.600000000000000000e+01,-1.670000000000000000e+02,-2.630000000000000000e+02
1.689068164837485568e+18,1.500000000000000000e+01,-9.700000000000000000e+01,-2.950000000000000000e+02
1.689068164837497856e+18,1.400000000000000000e+01,-8.600000000000000000e+01,-3.080000000000000000e+02
1.689068164837530112e+18,-5.000000000000000000e+00,-1.470000000000000000e+02,-2.840000000000000000e+02
1.689068164837545984e+18,-1.600000000000000000e+01,-2.310000000000000000e+02,-2.690000000000000000e+02
1.689068164837559296e+18,-1.600000000000000000e+01,-2.780000000000000000e+02,-2.720000000000000000e+02
1.689068164837571840e+18,-2.400000000000000000e+01,-2.810000000000000000e+02,-2.680000000000000000e+02
1.689068164837584640e+18,-2.100000000000000000e+01,-2.910000000000000000e+02,-2.760000000000000000e+02
1.689068164837597184e+18,-1.800000000000000000e+01,-2.550000000000000000e+02,-2.810000000000000000e+02
1.689068164837609728e+18,-2.400000000000000000e+01,-2.040000000000000000e+02,-2.840000000000000000e+02
1.689068164837623552e+18,-2.000000000000000000e+01,-2.200000000000000000e+02,-2.610000000000000000e+02
1.689068164837636352e+18,-1.000000000000000000e+00,-2.730000000000000000e+02,-2.100000000000000000e+02
1.689068164837648896e+18,1.500000000000000000e+01,-3.370000000000000000e+02,-1.510000000000000000e+02
1.689068164837661184e+18,4.700000000000000000e+01,-3.760000000000000000e+02,-1.430000000000000000e+02
1.689068164837673728e+18,6.700000000000000000e+01,-3.550000000000000000e+02,-1.330000000000000000e+02
1.689068164837687552e+18,9.600000000000000000e+01,-3.470000000000000000e+02,-1.130000000000000000e+02
1.689068164837700096e+18,1.150000000000000000e+02,-3.190000000000000000e+02,-6.400000000000000000e+01
1.689068164837712896e+18,1.050000000000000000e+02,-3.120000000000000000e+02,-4.000000000000000000e+00
1.689068164837725440e+18,7.000000000000000000e+01,-3.360000000000000000e+02,3.100000000000000000e+01
1.689068164837737984e+18,4.800000000000000000e+01,-3.740000000000000000e+02,1.000000000000000000e+02
1.689068164837750528e+18,4.800000000000000000e+01,-3.710000000000000000e+02,1.740000000000000000e+02
1.689068164837763328e+18,3.100000000000000000e+01,-2.630000000000000000e+02,2.270000000000000000e+02
1.689068164837776128e+18,-6.000000000000000000e+01,-1.500000000000000000e+02,2.750000000000000000e+02
1.689068164837788928e+18,-1.910000000000000000e+02,-2.890000000000000000e+02,3.050000000000000000e+02
1.689068164837801216e+18,-2.580000000000000000e+02,-5.710000000000000000e+02,3.050000000000000000e+02
1.689068164837813760e+18,-2.810000000000000000e+02,-6.600000000000000000e+02,2.950000000000000000e+02
1.689068164837826304e+18,-3.060000000000000000e+02,-4.990000000000000000e+02,2.870000000000000000e+02
1.689068164837839360e+18,-3.330000000000000000e+02,-3.120000000000000000e+02,2.880000000000000000e+02
1.689068164837851904e+18,-3.480000000000000000e+02,-2.870000000000000000e+02,2.710000000000000000e+02
1.689068164837864448e+18,-3.540000000000000000e+02,-4.270000000000000000e+02,2.480000000000000000e+02
1.689068164837877248e+18,-3.860000000000000000e+02,-5.830000000000000000e+02,2.200000000000000000e+02
1.689068164837889792e+18,-3.680000000000000000e+02,-5.600000000000000000e+02,1.850000000000000000e+02
1.689068164837904640e+18,-3.700000000000000000e+02,-4.080000000000000000e+02,1.690000000000000000e+02
1.689068164837917184e+18,-3.930000000000000000e+02,-2.880000000000000000e+02,1.720000000000000000e+02
1.689068164837930240e+18,-3.560000000000000000e+02,-2.480000000000000000e+02,1.760000000000000000e+02
1.689068164837942272e+18,-3.490000000000000000e+02,-2.760000000000000000e+02,1.850000000000000000e+02
1.689068164837954816e+18,-3.450000000000000000e+02,-3.270000000000000000e+02,1.720000000000000000e+02
1.689068164837967360e+18,-3.220000000000000000e+02,-3.360000000000000000e+02,1.240000000000000000e+02
1.689068164837980416e+18,-3.140000000000000000e+02,-2.830000000000000000e+02,8.800000000000000000e+01
1.689068164838033152e+18,-3.050000000000000000e+02,-2.200000000000000000e+02,8.600000000000000000e+01
1.689068164838049536e+18,-2.760000000000000000e+02,-1.720000000000000000e+02,1.080000000000000000e+02
1.689068164838062848e+18,-2.530000000000000000e+02,-1.390000000000000000e+02,9.600000000000000000e+01
1.689068164838075648e+18,-2.280000000000000000e+02,-9.600000000000000000e+01,8.000000000000000000e+01
1.689068164838088448e+18,-2.250000000000000000e+02,-1.340000000000000000e+02,7.100000000000000000e+01
1.689068164838101504e+18,-2.400000000000000000e+02,-1.760000000000000000e+02,6.400000000000000000e+01
1.689068164838114560e+18,-2.850000000000000000e+02,-1.770000000000000000e+02,6.700000000000000000e+01
1.689068164838127360e+18,-3.200000000000000000e+02,-2.110000000000000000e+02,9.200000000000000000e+01
1.689068164838140416e+18,-4.240000000000000000e+02,-1.880000000000000000e+02,1.260000000000000000e+02
1.689068164838153216e+18,-5.400000000000000000e+02,-1.820000000000000000e+02,1.340000000000000000e+02
1.689068164838166016e+18,-5.600000000000000000e+02,-1.840000000000000000e+02,1.240000000000000000e+02
1.689068164838179072e+18,-5.440000000000000000e+02,-2.090000000000000000e+02,9.900000000000000000e+01
1.689068164838191872e+18,-5.280000000000000000e+02,-2.230000000000000000e+02,9.500000000000000000e+01
1.689068164838204672e+18,-5.370000000000000000e+02,-2.520000000000000000e+02,1.150000000000000000e+02
1.689068164838229760e+18,-5.200000000000000000e+02,-2.380000000000000000e+02,1.190000000000000000e+02
1.689068164838260992e+18,-4.770000000000000000e+02,-1.980000000000000000e+02,1.190000000000000000e+02
1.689068164838296576e+18,-4.810000000000000000e+02,-1.710000000000000000e+02,1.310000000000000000e+02
1.689068164838331648e+18,-5.200000000000000000e+02,-1.610000000000000000e+02,1.360000000000000000e+02
1.689068164838359296e+18,-5.200000000000000000e+02,-1.470000000000000000e+02,1.310000000000000000e+02
1.689068164838384896e+18,-5.030000000000000000e+02,-1.440000000000000000e+02,1.240000000000000000e+02
1.689068164838409216e+18,-4.680000000000000000e+02,-1.430000000000000000e+02,1.350000000000000000e+02
1.689068164838433280e+18,-4.150000000000000000e+02,-1.080000000000000000e+02,1.500000000000000000e+02
1.689068164838455296e+18,-3.780000000000000000e+02,-1.030000000000000000e+02,1.500000000000000000e+02
1.689068164838478592e+18,-4.070000000000000000e+02,-1.270000000000000000e+02,1.520000000000000000e+02
1.689068164838523648e+18,-4.560000000000000000e+02,-1.100000000000000000e+02,1.640000000000000000e+02
1.689068164838548480e+18,-4.640000000000000000e+02,-1.020000000000000000e+02,1.470000000000000000e+02
1.689068164838563072e+18,-4.420000000000000000e+02,-1.100000000000000000e+02,1.200000000000000000e+02
1.689068164838576640e+18,-4.370000000000000000e+02,-1.120000000000000000e+02,1.350000000000000000e+02
1.689068164838592512e+18,-4.770000000000000000e+02,-8.800000000000000000e+01,1.470000000000000000e+02
1.689068164838606080e+18,-5.030000000000000000e+02,-1.040000000000000000e+02,1.420000000000000000e+02
1.689068164838632448e+18,-4.770000000000000000e+02,-1.310000000000000000e+02,1.430000000000000000e+02
1.689068164838654464e+18,-4.640000000000000000e+02,-1.340000000000000000e+02,1.630000000000000000e+02
1.689068164838675456e+18,-4.770000000000000000e+02,-1.310000000000000000e+02,1.670000000000000000e+02
1.689068164838697728e+18,-4.840000000000000000e+02,-1.070000000000000000e+02,1.470000000000000000e+02
1.689068164838720768e+18,-4.580000000000000000e+02,-6.800000000000000000e+01,1.420000000000000000e+02
1.689068164838743552e+18,-4.390000000000000000e+02,-7.200000000000000000e+01,1.610000000000000000e+02
1.689068164838772224e+18,-4.850000000000000000e+02,-9.100000000000000000e+01,1.720000000000000000e+02
1.689068164838788096e+18,-5.280000000000000000e+02,-1.150000000000000000e+02,1.740000000000000000e+02
1.689068164838801664e+18,-5.480000000000000000e+02,-1.210000000000000000e+02,1.720000000000000000e+02
1.689068164838814720e+18,-5.280000000000000000e+02,-1.360000000000000000e+02,1.750000000000000000e+02
1.689068164838828032e+18,-5.050000000000000000e+02,-1.200000000000000000e+02,1.840000000000000000e+02
1.689068164838841088e+18,-4.810000000000000000e+02,-1.050000000000000000e+02,1.760000000000000000e+02
1.689068164838853888e+18,-4.520000000000000000e+02,-1.030000000000000000e+02,1.670000000000000000e+02
1.689068164838869504e+18,-4.580000000000000000e+02,-1.160000000000000000e+02,1.600000000000000000e+02
1.689068164838882816e+18,-4.580000000000000000e+02,-1.160000000000000000e+02,1.660000000000000000e+02
1.689068164838895616e+18,-4.640000000000000000e+02,-1.080000000000000000e+02,1.770000000000000000e+02
1.689068164838908928e+18,-4.680000000000000000e+02,-8.600000000000000000e+01,1.990000000000000000e+02
1.689068164838921984e+18,-4.710000000000000000e+02,-9.900000000000000000e+01,2.070000000000000000e+02
1.689068164838934784e+18,-4.730000000000000000e+02,-1.030000000000000000e+02,1.930000000000000000e+02
1.689068164838947840e+18,-4.640000000000000000e+02,-9.200000000000000000e+01,1.690000000000000000e+02
1.689068164838962432e+18,-4.480000000000000000e+02,-9.200000000000000000e+01,1.600000000000000000e+02
1.689068164838975488e+18,-4.390000000000000000e+02,-9.600000000000000000e+01,1.630000000000000000e+02
1.689068164838988800e+18,-4.520000000000000000e+02,-1.180000000000000000e+02,1.670000000000000000e+02
1.689068164839001856e+18,-4.810000000000000000e+02,-1.130000000000000000e+02,1.880000000000000000e+02
1.689068164839015168e+18,-5.040000000000000000e+02,-8.400000000000000000e+01,2.040000000000000000e+02
1.689068164839028224e+18,-5.090000000000000000e+02,-9.200000000000000000e+01,2.030000000000000000e+02
1.689068164839041024e+18,-5.170000000000000000e+02,-9.600000000000000000e+01,2.010000000000000000e+02
1.689068164839053824e+18,-5.280000000000000000e+02,-1.000000000000000000e+02,1.930000000000000000e+02
1.689068164839066880e+18,-5.110000000000000000e+02,-9.900000000000000000e+01,1.920000000000000000e+02
1.689068164839079680e+18,-4.920000000000000000e+02,-8.900000000000000000e+01,1.960000000000000000e+02
1.689068164839094784e+18,-4.820000000000000000e+02,-1.120000000000000000e+02,1.960000000000000000e+02
1.689068164839107584e+18,-4.840000000000000000e+02,-1.200000000000000000e+02,1.990000000000000000e+02
1.689068164839120640e+18,-4.970000000000000000e+02,-1.110000000000000000e+02,2.060000000000000000e+02
1.689068164839133696e+18,-4.900000000000000000e+02,-9.900000000000000000e+01,1.980000000000000000e+02
1.689068164839146496e+18,-4.770000000000000000e+02,-1.030000000000000000e+02,1.900000000000000000e+02
1.689068164839165440e+18,-4.680000000000000000e+02,-8.700000000000000000e+01,1.880000000000000000e+02
1.689068164839179264e+18,-4.520000000000000000e+02,-8.300000000000000000e+01,1.790000000000000000e+02
1.689068164839192320e+18,-4.520000000000000000e+02,-7.600000000000000000e+01,1.750000000000000000e+02
1.689068164839205120e+18,-4.800000000000000000e+02,-6.300000000000000000e+01,1.840000000000000000e+02
1.689068164839217920e+18,-4.810000000000000000e+02,-7.100000000000000000e+01,1.850000000000000000e+02
1.689068164839230464e+18,-4.840000000000000000e+02,-8.400000000000000000e+01,1.760000000000000000e+02
1.689068164839245056e+18,-4.900000000000000000e+02,-7.300000000000000000e+01,1.710000000000000000e+02
1.689068164839257856e+18,-5.000000000000000000e+02,-6.500000000000000000e+01,1.710000000000000000e+02
1.689068164839271936e+18,-5.000000000000000000e+02,-6.700000000000000000e+01,1.830000000000000000e+02
1.689068164839284480e+18,-4.930000000000000000e+02,-7.300000000000000000e+01,1.840000000000000000e+02
1.689068164839297024e+18,-4.640000000000000000e+02,-6.300000000000000000e+01,1.880000000000000000e+02
1.689068164839309312e+18,-4.710000000000000000e+02,-7.100000000000000000e+01,1.760000000000000000e+02
1.689068164839321600e+18,-4.770000000000000000e+02,-8.400000000000000000e+01,1.830000000000000000e+02
1.689068164839333888e+18,-4.810000000000000000e+02,-8.900000000000000000e+01,1.990000000000000000e+02
1.689068164839346432e+18,-4.680000000000000000e+02,-7.900000000000000000e+01,2.070000000000000000e+02
1.689068164839359232e+18,-4.730000000000000000e+02,-6.400000000000000000e+01,2.110000000000000000e+02
1.689068164839371776e+18,-4.800000000000000000e+02,-6.300000000000000000e+01,2.010000000000000000e+02
1.689068164839384064e+18,-4.810000000000000000e+02,-8.300000000000000000e+01,1.980000000000000000e+02
1.689068164839396864e+18,-4.790000000000000000e+02,-1.030000000000000000e+02,2.000000000000000000e+02
1.689068164839409408e+18,-4.730000000000000000e+02,-8.800000000000000000e+01,1.930000000000000000e+02
1.689068164839421952e+18,-4.720000000000000000e+02,-8.300000000000000000e+01,1.930000000000000000e+02
1.689068164839434496e+18,-4.640000000000000000e+02,-7.500000000000000000e+01,1.950000000000000000e+02
1.689068164839447040e+18,-4.640000000000000000e+02,-9.700000000000000000e+01,2.110000000000000000e+02
1.689068164839459584e+18,-4.720000000000000000e+02,-8.600000000000000000e+01,2.060000000000000000e+02
1.689068164839472128e+18,-4.660000000000000000e+02,-7.000000000000000000e+01,1.950000000000000000e+02
1.689068164839484672e+18,-4.610000000000000000e+02,-7.300000000000000000e+01,1.990000000000000000e+02
1.689068164839496960e+18,-4.610000000000000000e+02,-8.800000000000000000e+01,2.000000000000000000e+02
1.689068164839509504e+18,-4.560000000000000000e+02,-8.300000000000000000e+01,1.960000000000000000e+02
1.689068164839524608e+18,-4.580000000000000000e+02,-7.500000000000000000e+01,1.820000000000000000e+02
1.689068164839537152e+18,-4.560000000000000000e+02,-7.800000000000000000e+01,1.760000000000000000e+02
1.689068164839549696e+18,-4.650000000000000000e+02,-7.900000000000000000e+01,1.710000000000000000e+02
1.689068164839564032e+18,-4.720000000000000000e+02,-8.300000000000000000e+01,1.740000000000000000e+02
1.689068164839577088e+18,-4.630000000000000000e+02,-9.200000000000000000e+01,1.720000000000000000e+02
1.689068164839589888e+18,-4.640000000000000000e+02,-7.900000000000000000e+01,1.820000000000000000e+02
1.689068164839602944e+18,-4.560000000000000000e+02,-5.900000000000000000e+01,1.840000000000000000e+02
1.689068164839622400e+18,-4.500000000000000000e+02,-6.300000000000000000e+01,1.720000000000000000e+02
1.689068164839635200e+18,-4.450000000000000000e+02,-7.000000000000000000e+01,1.760000000000000000e+02
1.689068164839648512e+18,-4.610000000000000000e+02,-8.300000000000000000e+01,1.740000000000000000e+02
1.689068164839661568e+18,-4.660000000000000000e+02,-8.000000000000000000e+01,1.790000000000000000e+02
1.689068164839674624e+18,-4.610000000000000000e+02,-7.200000000000000000e+01,1.900000000000000000e+02
1.689068164839687424e+18,-4.490000000000000000e+02,-8.700000000000000000e+01,1.880000000000000000e+02
1.689068164839699968e+18,-4.560000000000000000e+02,-8.300000000000000000e+01,1.920000000000000000e+02
1.689068164839713280e+18,-4.810000000000000000e+02,-7.600000000000000000e+01,1.850000000000000000e+02
1.689068164839725824e+18,-4.880000000000000000e+02,-7.900000000000000000e+01,1.690000000000000000e+02
1.689068164839739392e+18,-4.640000000000000000e+02,-8.300000000000000000e+01,1.790000000000000000e+02
1.689068164839756800e+18,-4.640000000000000000e+02,-7.000000000000000000e+01,1.910000000000000000e+02
1.689068164839770112e+18,-4.740000000000000000e+02,-6.500000000000000000e+01,2.030000000000000000e+02
1.689068164839782912e+18,-4.640000000000000000e+02,-6.000000000000000000e+01,1.950000000000000000e+02
1.689068164839795712e+18,-4.630000000000000000e+02,-7.300000000000000000e+01,1.930000000000000000e+02
1.689068164839808256e+18,-4.580000000000000000e+02,-8.800000000000000000e+01,1.900000000000000000e+02
1.689068164839821056e+18,-4.610000000000000000e+02,-9.100000000000000000e+01,1.990000000000000000e+02
1.689068164839833856e+18,-4.680000000000000000e+02,-8.000000000000000000e+01,1.850000000000000000e+02
1.689068164839846656e+18,-4.640000000000000000e+02,-6.200000000000000000e+01,1.830000000000000000e+02
1.689068164839859456e+18,-4.640000000000000000e+02,-4.800000000000000000e+01,1.790000000000000000e+02
1.689068164839872512e+18,-4.610000000000000000e+02,-6.500000000000000000e+01,1.760000000000000000e+02
1.689068164839885568e+18,-4.720000000000000000e+02,-9.600000000000000000e+01,1.880000000000000000e+02
1.689068164839899648e+18,-4.660000000000000000e+02,-8.800000000000000000e+01,1.830000000000000000e+02
1.689068164839912192e+18,-4.560000000000000000e+02,-6.700000000000000000e+01,1.720000000000000000e+02
1.689068164839924992e+18,-4.520000000000000000e+02,-6.000000000000000000e+01,1.760000000000000000e+02
1.689068164839937792e+18,-4.630000000000000000e+02,-6.800000000000000000e+01,1.790000000000000000e+02
1.689068164839950592e+18,-4.580000000000000000e+02,-6.800000000000000000e+01,1.830000000000000000e+02
1.689068164839963136e+18,-4.570000000000000000e+02,-6.800000000000000000e+01,1.840000000000000000e+02
1.689068164839975680e+18,-4.560000000000000000e+02,-7.200000000000000000e+01,1.850000000000000000e+02
1.689068164839988224e+18,-4.500000000000000000e+02,-7.200000000000000000e+01,1.900000000000000000e+02
1.689068164840004608e+18,-4.490000000000000000e+02,-7.800000000000000000e+01,1.870000000000000000e+02
1.689068164840018944e+18,-4.610000000000000000e+02,-6.400000000000000000e+01,1.840000000000000000e+02
1.689068164840032000e+18,-4.790000000000000000e+02,-7.200000000000000000e+01,1.740000000000000000e+02
1.689068164840044800e+18,-4.790000000000000000e+02,-7.300000000000000000e+01,1.760000000000000000e+02
1.689068164840057600e+18,-4.840000000000000000e+02,-6.300000000000000000e+01,1.820000000000000000e+02
1.689068164840069888e+18,-4.960000000000000000e+02,-8.300000000000000000e+01,1.760000000000000000e+02
1.689068164840082432e+18,-4.890000000000000000e+02,-7.600000000000000000e+01,1.790000000000000000e+02
1.689068164840096256e+18,-4.930000000000000000e+02,-7.100000000000000000e+01,1.790000000000000000e+02
1.689068164840108800e+18,-5.050000000000000000e+02,-7.900000000000000000e+01,1.760000000000000000e+02
1.689068164840121600e+18,-5.010000000000000000e+02,-7.300000000000000000e+01,1.750000000000000000e+02
1.689068164840134400e+18,-4.960000000000000000e+02,-9.600000000000000000e+01,1.820000000000000000e+02
1.689068164840147200e+18,-5.000000000000000000e+02,-1.020000000000000000e+02,1.850000000000000000e+02
1.689068164840159744e+18,-5.050000000000000000e+02,-8.300000000000000000e+01,1.950000000000000000e+02
1.689068164840172544e+18,-5.050000000000000000e+02,-8.800000000000000000e+01,1.870000000000000000e+02
1.689068164840187648e+18,-5.040000000000000000e+02,-9.200000000000000000e+01,1.920000000000000000e+02
1.689068164840200448e+18,-5.030000000000000000e+02,-9.500000000000000000e+01,1.930000000000000000e+02
1.689068164840212736e+18,-5.030000000000000000e+02,-8.900000000000000000e+01,1.910000000000000000e+02
1.689068164840225280e+18,-5.030000000000000000e+02,-9.400000000000000000e+01,1.950000000000000000e+02
1.689068164840238336e+18,-4.840000000000000000e+02,-8.400000000000000000e+01,1.900000000000000000e+02
1.689068164840251136e+18,-4.890000000000000000e+02,-8.800000000000000000e+01,1.950000000000000000e+02
1.689068164840263936e+18,-4.950000000000000000e+02,-7.300000000000000000e+01,2.000000000000000000e+02
1.689068164840283648e+18,-4.980000000000000000e+02,-7.100000000000000000e+01,1.930000000000000000e+02
1.689068164840296704e+18,-5.090000000000000000e+02,-8.300000000000000000e+01,1.880000000000000000e+02
1.689068164840309248e+18,-5.000000000000000000e+02,-8.800000000000000000e+01,1.820000000000000000e+02
1.689068164840322048e+18,-4.840000000000000000e+02,-8.800000000000000000e+01,1.880000000000000000e+02
1.689068164840334592e+18,-4.800000000000000000e+02,-7.600000000000000000e+01,1.990000000000000000e+02
1.689068164840347136e+18,-4.840000000000000000e+02,-7.600000000000000000e+01,2.060000000000000000e+02
1.689068164840359936e+18,-4.880000000000000000e+02,-6.300000000000000000e+01,2.040000000000000000e+02
1.689068164840372736e+18,-4.790000000000000000e+02,-5.600000000000000000e+01,1.840000000000000000e+02
1.689068164840386048e+18,-4.770000000000000000e+02,-8.000000000000000000e+01,1.900000000000000000e+02
1.689068164840399616e+18,-4.740000000000000000e+02,-9.400000000000000000e+01,2.080000000000000000e+02
1.689068164840412416e+18,-4.650000000000000000e+02,-7.800000000000000000e+01,2.070000000000000000e+02
1.689068164840425216e+18,-4.680000000000000000e+02,-8.000000000000000000e+01,1.840000000000000000e+02
1.689068164840437760e+18,-4.810000000000000000e+02,-8.300000000000000000e+01,1.600000000000000000e+02
1.689068164840450560e+18,-4.870000000000000000e+02,-7.900000000000000000e+01,1.580000000000000000e+02
1.689068164840463616e+18,-4.840000000000000000e+02,-1.120000000000000000e+02,1.790000000000000000e+02
1.689068164840476160e+18,-4.760000000000000000e+02,-1.200000000000000000e+02,1.820000000000000000e+02
1.689068164840489472e+18,-4.770000000000000000e+02,-1.030000000000000000e+02,1.680000000000000000e+02
1.689068164840502272e+18,-4.870000000000000000e+02,-9.200000000000000000e+01,1.520000000000000000e+02
1.689068164840515328e+18,-4.810000000000000000e+02,-9.200000000000000000e+01,1.420000000000000000e+02
1.689068164840528128e+18,-4.730000000000000000e+02,-1.040000000000000000e+02,1.670000000000000000e+02
1.689068164840541184e+18,-4.730000000000000000e+02,-9.900000000000000000e+01,1.760000000000000000e+02
1.689068164840554752e+18,-4.720000000000000000e+02,-8.900000000000000000e+01,1.710000000000000000e+02
1.689068164840567552e+18,-4.820000000000000000e+02,-7.000000000000000000e+01,1.530000000000000000e+02
1.689068164840580352e+18,-4.820000000000000000e+02,-8.300000000000000000e+01,1.480000000000000000e+02
1.689068164840593408e+18,-4.720000000000000000e+02,-9.200000000000000000e+01,1.630000000000000000e+02
1.689068164840612608e+18,-4.690000000000000000e+02,-8.000000000000000000e+01,1.560000000000000000e+02
1.689068164840625920e+18,-4.610000000000000000e+02,-7.900000000000000000e+01,1.550000000000000000e+02
1.689068164840638208e+18,-4.520000000000000000e+02,-7.100000000000000000e+01,1.770000000000000000e+02
1.689068164840651264e+18,-4.580000000000000000e+02,-7.900000000000000000e+01,1.760000000000000000e+02
1.689068164840663552e+18,-4.730000000000000000e+02,-9.400000000000000000e+01,1.660000000000000000e+02
1.689068164840677120e+18,-4.630000000000000000e+02,-8.000000000000000000e+01,1.640000000000000000e+02
1.689068164840689920e+18,-4.680000000000000000e+02,-8.800000000000000000e+01,1.720000000000000000e+02
1.689068164840702720e+18,-4.710000000000000000e+02,-9.500000000000000000e+01,1.720000000000000000e+02
1.689068164840715776e+18,-4.760000000000000000e+02,-9.700000000000000000e+01,1.560000000000000000e+02
1.689068164840728576e+18,-4.770000000000000000e+02,-8.900000000000000000e+01,1.480000000000000000e+02
1.689068164840741120e+18,-4.640000000000000000e+02,-9.500000000000000000e+01,1.430000000000000000e+02
1.689068164840753920e+18,-4.560000000000000000e+02,-9.600000000000000000e+01,1.520000000000000000e+02
1.689068164840766464e+18,-4.880000000000000000e+02,-1.020000000000000000e+02,1.590000000000000000e+02
1.689068164840779008e+18,-5.520000000000000000e+02,-9.600000000000000000e+01,1.520000000000000000e+02
1.689068164840791552e+18,-5.650000000000000000e+02,-8.800000000000000000e+01,1.270000000000000000e+02
1.689068164840804608e+18,-5.360000000000000000e+02,-1.040000000000000000e+02,1.240000000000000000e+02
1.689068164840817408e+18,-5.490000000000000000e+02,-1.520000000000000000e+02,1.310000000000000000e+02
1.689068164840834048e+18,-5.730000000000000000e+02,-1.880000000000000000e+02,1.400000000000000000e+02
1.689068164840849920e+18,-5.770000000000000000e+02,-1.720000000000000000e+02,1.400000000000000000e+02
1.689068164840865280e+18,-5.610000000000000000e+02,-1.840000000000000000e+02,1.310000000000000000e+02
1.689068164840878336e+18,-5.440000000000000000e+02,-1.880000000000000000e+02,1.120000000000000000e+02
1.689068164840891136e+18,-5.510000000000000000e+02,-2.110000000000000000e+02,7.900000000000000000e+01
1.689068164840904448e+18,-5.410000000000000000e+02,-2.490000000000000000e+02,7.000000000000000000e+01
1.689068164840917248e+18,-5.090000000000000000e+02,-2.630000000000000000e+02,7.900000000000000000e+01
1.689068164840929792e+18,-4.710000000000000000e+02,-2.810000000000000000e+02,1.000000000000000000e+02
1.689068164840944384e+18,-4.340000000000000000e+02,-3.000000000000000000e+02,1.040000000000000000e+02
1.689068164840956928e+18,-4.100000000000000000e+02,-2.870000000000000000e+02,9.900000000000000000e+01
1.689068164840969472e+18,-3.690000000000000000e+02,-2.800000000000000000e+02,7.900000000000000000e+01
1.689068164840982016e+18,-3.120000000000000000e+02,-3.120000000000000000e+02,6.200000000000000000e+01
1.689068164840995328e+18,-2.530000000000000000e+02,-3.180000000000000000e+02,5.100000000000000000e+01
1.689068164841008896e+18,-2.340000000000000000e+02,-3.190000000000000000e+02,5.100000000000000000e+01
1.689068164841022208e+18,-2.400000000000000000e+02,-3.590000000000000000e+02,4.400000000000000000e+01
1.689068164841035264e+18,-2.490000000000000000e+02,-3.760000000000000000e+02,3.500000000000000000e+01
1.689068164841048832e+18,-2.320000000000000000e+02,-3.190000000000000000e+02,3.800000000000000000e+01
1.689068164841062400e+18,-1.930000000000000000e+02,-2.760000000000000000e+02,5.100000000000000000e+01
1.689068164841075968e+18,-1.730000000000000000e+02,-2.720000000000000000e+02,4.400000000000000000e+01
1.689068164841088768e+18,-2.390000000000000000e+02,-3.390000000000000000e+02,2.400000000000000000e+01
1.689068164841101056e+18,-2.850000000000000000e+02,-3.360000000000000000e+02,5.100000000000000000e+01
1.689068164841113600e+18,-2.730000000000000000e+02,-2.920000000000000000e+02,7.600000000000000000e+01
1.689068164841125888e+18,-2.320000000000000000e+02,-2.870000000000000000e+02,6.400000000000000000e+01
1.689068164841138432e+18,-2.500000000000000000e+02,-2.800000000000000000e+02,6.500000000000000000e+01
1.689068164841150976e+18,-2.530000000000000000e+02,-2.950000000000000000e+02,3.300000000000000000e+01
1.689068164841164032e+18,-2.020000000000000000e+02,-2.640000000000000000e+02,-1.600000000000000000e+01
1.689068164841176576e+18,-1.940000000000000000e+02,-2.650000000000000000e+02,-3.600000000000000000e+01
1.689068164841189632e+18,-2.050000000000000000e+02,-3.040000000000000000e+02,-1.000000000000000000e+01
1.689068164841202688e+18,-2.050000000000000000e+02,-3.320000000000000000e+02,1.900000000000000000e+01
1.689068164841217024e+18,-2.090000000000000000e+02,-3.040000000000000000e+02,3.500000000000000000e+01
1.689068164841230080e+18,-2.200000000000000000e+02,-3.020000000000000000e+02,6.000000000000000000e+01
1.689068164841243392e+18,-2.390000000000000000e+02,-3.440000000000000000e+02,8.700000000000000000e+01
1.689068164841256192e+18,-2.000000000000000000e+02,-3.230000000000000000e+02,3.900000000000000000e+01
1.689068164841268736e+18,-2.020000000000000000e+02,-2.880000000000000000e+02,1.200000000000000000e+01
1.689068164841281536e+18,-2.170000000000000000e+02,-2.910000000000000000e+02,4.400000000000000000e+01
1.689068164841294080e+18,-2.490000000000000000e+02,-3.320000000000000000e+02,8.600000000000000000e+01
1.689068164841315584e+18,-2.720000000000000000e+02,-3.640000000000000000e+02,1.150000000000000000e+02
1.689068164841328896e+18,-2.880000000000000000e+02,-3.550000000000000000e+02,9.700000000000000000e+01
1.689068164841341696e+18,-2.920000000000000000e+02,-2.890000000000000000e+02,5.700000000000000000e+01
1.689068164841354240e+18,-2.960000000000000000e+02,-2.480000000000000000e+02,8.000000000000000000e+00
1.689068164841367296e+18,-3.110000000000000000e+02,-2.360000000000000000e+02,6.000000000000000000e+00
1.689068164841379840e+18,-3.350000000000000000e+02,-2.810000000000000000e+02,7.000000000000000000e+01
1.689068164841392640e+18,-3.220000000000000000e+02,-3.310000000000000000e+02,1.200000000000000000e+02
1.689068164841405184e+18,-3.240000000000000000e+02,-3.680000000000000000e+02,7.100000000000000000e+01
1.689068164841418240e+18,-3.490000000000000000e+02,-3.800000000000000000e+02,-1.300000000000000000e+01
1.689068164841431552e+18,-3.410000000000000000e+02,-3.900000000000000000e+02,-3.300000000000000000e+01
1.689068164841444608e+18,-3.360000000000000000e+02,-3.930000000000000000e+02,-3.200000000000000000e+01
1.689068164841457920e+18,-3.450000000000000000e+02,-3.800000000000000000e+02,-2.600000000000000000e+01
1.689068164841471232e+18,-3.330000000000000000e+02,-3.270000000000000000e+02,-5.200000000000000000e+01
1.689068164841484288e+18,-3.240000000000000000e+02,-2.750000000000000000e+02,-1.040000000000000000e+02
1.689068164841497344e+18,-3.240000000000000000e+02,-2.780000000000000000e+02,-9.000000000000000000e+01
1.689068164841541120e+18,-3.210000000000000000e+02,-3.040000000000000000e+02,-4.800000000000000000e+01
1.689068164841558016e+18,-2.880000000000000000e+02,-3.550000000000000000e+02,-5.800000000000000000e+01
1.689068164841571840e+18,-2.960000000000000000e+02,-3.680000000000000000e+02,-1.130000000000000000e+02
1.689068164841585408e+18,-2.950000000000000000e+02,-3.040000000000000000e+02,-2.040000000000000000e+02
1.689068164841598208e+18,-2.930000000000000000e+02,-2.330000000000000000e+02,-2.370000000000000000e+02
1.689068164841617920e+18,-2.960000000000000000e+02,-2.080000000000000000e+02,-2.250000000000000000e+02
1.689068164841631744e+18,-2.960000000000000000e+02,-2.520000000000000000e+02,-1.990000000000000000e+02
1.689068164841650944e+18,-2.890000000000000000e+02,-3.390000000000000000e+02,-1.890000000000000000e+02
1.689068164841664256e+18,-2.850000000000000000e+02,-3.800000000000000000e+02,-1.590000000000000000e+02
1.689068164841677056e+18,-2.920000000000000000e+02,-2.710000000000000000e+02,-1.040000000000000000e+02
1.689068164841689856e+18,-2.980000000000000000e+02,-1.610000000000000000e+02,-8.400000000000000000e+01
1.689068164841702656e+18,-3.300000000000000000e+02,-2.070000000000000000e+02,-6.500000000000000000e+01
1.689068164841715456e+18,-3.130000000000000000e+02,-3.530000000000000000e+02,-5.500000000000000000e+01
1.689068164841728000e+18,-2.870000000000000000e+02,-3.500000000000000000e+02,-1.370000000000000000e+02
1.689068164841740544e+18,-2.680000000000000000e+02,-2.680000000000000000e+02,-2.280000000000000000e+02
1.689068164841753088e+18,-2.440000000000000000e+02,-2.470000000000000000e+02,-2.660000000000000000e+02
1.689068164841765376e+18,-2.250000000000000000e+02,-2.730000000000000000e+02,-2.640000000000000000e+02
1.689068164841778176e+18,-2.210000000000000000e+02,-2.910000000000000000e+02,-2.410000000000000000e+02
1.689068164841790720e+18,-2.450000000000000000e+02,-2.800000000000000000e+02,-1.700000000000000000e+02
1.689068164841803520e+18,-2.410000000000000000e+02,-2.390000000000000000e+02,-1.670000000000000000e+02
1.689068164841816576e+18,-2.440000000000000000e+02,-2.400000000000000000e+02,-2.170000000000000000e+02
1.689068164841828864e+18,-2.370000000000000000e+02,-2.400000000000000000e+02,-2.530000000000000000e+02
1.689068164841841408e+18,-2.320000000000000000e+02,-1.770000000000000000e+02,-2.500000000000000000e+02
1.689068164841854208e+18,-2.310000000000000000e+02,-1.790000000000000000e+02,-2.280000000000000000e+02
1.689068164841867008e+18,-2.400000000000000000e+02,-2.700000000000000000e+02,-2.000000000000000000e+02
1.689068164841880320e+18,-2.440000000000000000e+02,-3.500000000000000000e+02,-2.080000000000000000e+02
1.689068164841892864e+18,-2.180000000000000000e+02,-3.160000000000000000e+02,-2.210000000000000000e+02
1.689068164841905664e+18,-2.020000000000000000e+02,-2.650000000000000000e+02,-2.530000000000000000e+02
1.689068164841919744e+18,-1.970000000000000000e+02,-2.590000000000000000e+02,-2.610000000000000000e+02
1.689068164841932800e+18,-2.050000000000000000e+02,-3.000000000000000000e+02,-2.640000000000000000e+02
1.689068164841946112e+18,-1.940000000000000000e+02,-2.890000000000000000e+02,-2.580000000000000000e+02
1.689068164841958912e+18,-1.830000000000000000e+02,-2.490000000000000000e+02,-2.200000000000000000e+02
1.689068164841971712e+18,-1.770000000000000000e+02,-2.460000000000000000e+02,-1.960000000000000000e+02
1.689068164841984768e+18,-1.680000000000000000e+02,-2.710000000000000000e+02,-2.000000000000000000e+02
1.689068164841997824e+18,-1.600000000000000000e+02,-2.990000000000000000e+02,-2.250000000000000000e+02
1.689068164842010880e+18,-1.480000000000000000e+02,-2.940000000000000000e+02,-2.490000000000000000e+02
1.689068164842027264e+18,-1.430000000000000000e+02,-3.000000000000000000e+02,-2.470000000000000000e+02
1.689068164842040320e+18,-1.370000000000000000e+02,-2.950000000000000000e+02,-2.410000000000000000e+02
1.689068164842053120e+18,-1.360000000000000000e+02,-3.230000000000000000e+02,-2.420000000000000000e+02
1.689068164842065664e+18,-1.220000000000000000e+02,-3.450000000000000000e+02,-2.440000000000000000e+02
1.689068164842078464e+18,-1.040000000000000000e+02,-3.690000000000000000e+02,-2.310000000000000000e+02
1.689068164842098944e+18,-9.700000000000000000e+01,-3.550000000000000000e+02,-2.080000000000000000e+02
1.689068164842112256e+18,-9.700000000000000000e+01,-3.450000000000000000e+02,-2.230000000000000000e+02
1.689068164842125056e+18,-9.300000000000000000e+01,-3.270000000000000000e+02,-2.550000000000000000e+02
1.689068164842137600e+18,-9.600000000000000000e+01,-3.350000000000000000e+02,-2.770000000000000000e+02
1.689068164842149888e+18,-1.040000000000000000e+02,-3.710000000000000000e+02,-2.500000000000000000e+02
1.689068164842162432e+18,-1.040000000000000000e+02,-3.880000000000000000e+02,-2.280000000000000000e+02
1.689068164842174976e+18,-9.300000000000000000e+01,-3.870000000000000000e+02,-2.130000000000000000e+02
1.689068164842190336e+18,-6.900000000000000000e+01,-3.900000000000000000e+02,-2.130000000000000000e+02
1.689068164842203648e+18,-4.800000000000000000e+01,-3.820000000000000000e+02,-2.210000000000000000e+02
1.689068164842218752e+18,-4.000000000000000000e+01,-3.740000000000000000e+02,-2.280000000000000000e+02
1.689068164842231296e+18,-5.200000000000000000e+01,-3.900000000000000000e+02,-2.320000000000000000e+02
1.689068164842244352e+18,-7.700000000000000000e+01,-3.710000000000000000e+02,-2.530000000000000000e+02
1.689068164842257152e+18,-9.800000000000000000e+01,-3.520000000000000000e+02,-2.640000000000000000e+02
1.689068164842269952e+18,-1.110000000000000000e+02,-3.590000000000000000e+02,-2.550000000000000000e+02
1.689068164842282240e+18,-1.090000000000000000e+02,-3.800000000000000000e+02,-2.490000000000000000e+02
1.689068164842295296e+18,-1.050000000000000000e+02,-3.920000000000000000e+02,-2.480000000000000000e+02
1.689068164842314752e+18,-1.040000000000000000e+02,-3.750000000000000000e+02,-2.560000000000000000e+02
1.689068164842327552e+18,-1.040000000000000000e+02,-3.480000000000000000e+02,-2.760000000000000000e+02
1.689068164842340608e+18,-1.160000000000000000e+02,-3.350000000000000000e+02,-2.730000000000000000e+02
1.689068164842353408e+18,-1.320000000000000000e+02,-3.710000000000000000e+02,-2.720000000000000000e+02
1.689068164842366208e+18,-1.360000000000000000e+02,-3.580000000000000000e+02,-2.600000000000000000e+02
1.689068164842379008e+18,-1.570000000000000000e+02,-3.690000000000000000e+02,-2.520000000000000000e+02
1.689068164842391808e+18,-1.600000000000000000e+02,-3.740000000000000000e+02,-2.230000000000000000e+02
1.689068164842404608e+18,-1.570000000000000000e+02,-3.590000000000000000e+02,-2.230000000000000000e+02
1.689068164842417664e+18,-1.460000000000000000e+02,-3.270000000000000000e+02,-2.440000000000000000e+02
1.689068164842430720e+18,-1.570000000000000000e+02,-3.030000000000000000e+02,-2.710000000000000000e+02
1.689068164842443520e+18,-1.780000000000000000e+02,-3.000000000000000000e+02,-2.720000000000000000e+02
1.689068164842456320e+18,-1.930000000000000000e+02,-3.160000000000000000e+02,-2.280000000000000000e+02
1.689068164842468864e+18,-2.080000000000000000e+02,-3.100000000000000000e+02,-1.960000000000000000e+02
1.689068164842481408e+18,-2.150000000000000000e+02,-2.910000000000000000e+02,-1.850000000000000000e+02
1.689068164842494464e+18,-2.280000000000000000e+02,-2.800000000000000000e+02,-1.960000000000000000e+02
1.689068164842507520e+18,-2.490000000000000000e+02,-3.050000000000000000e+02,-1.930000000000000000e+02
1.689068164842520576e+18,-2.660000000000000000e+02,-3.040000000000000000e+02,-1.640000000000000000e+02
1.689068164842534144e+18,-2.640000000000000000e+02,-3.040000000000000000e+02,-1.430000000000000000e+02
1.689068164842547712e+18,-2.490000000000000000e+02,-2.970000000000000000e+02,-1.320000000000000000e+02
1.689068164842560256e+18,-2.640000000000000000e+02,-3.190000000000000000e+02,-1.320000000000000000e+02
1.689068164842573056e+18,-2.490000000000000000e+02,-3.230000000000000000e+02,-1.250000000000000000e+02
1.689068164842587136e+18,-2.260000000000000000e+02,-2.840000000000000000e+02,-1.320000000000000000e+02
1.689068164842600192e+18,-1.920000000000000000e+02,-1.880000000000000000e+02,-1.730000000000000000e+02
1.689068164842612992e+18,-2.280000000000000000e+02,-1.080000000000000000e+02,-1.850000000000000000e+02
1.689068164842626048e+18,-2.000000000000000000e+02,-6.400000000000000000e+01,-1.770000000000000000e+02
1.689068164842638592e+18,-1.640000000000000000e+02,-1.660000000000000000e+02,-1.530000000000000000e+02
1.689068164842651136e+18,-1.930000000000000000e+02,-1.610000000000000000e+02,-1.570000000000000000e+02
1.689068164842663680e+18,-2.070000000000000000e+02,-5.600000000000000000e+01,-1.860000000000000000e+02
1.689068164842676224e+18,-1.890000000000000000e+02,-5.400000000000000000e+01,-1.930000000000000000e+02
1.689068164842689280e+18,-1.850000000000000000e+02,-8.600000000000000000e+01,-1.720000000000000000e+02
1.689068164842702080e+18,-2.050000000000000000e+02,-1.190000000000000000e+02,-8.000000000000000000e+01
1.689068164842714880e+18,-2.530000000000000000e+02,-1.390000000000000000e+02,-4.000000000000000000e+00
1.689068164842728448e+18,-2.770000000000000000e+02,-9.900000000000000000e+01,-5.800000000000000000e+01
1.689068164842741504e+18,-2.340000000000000000e+02,-8.900000000000000000e+01,-1.570000000000000000e+02
1.689068164842758144e+18,-2.280000000000000000e+02,-1.840000000000000000e+02,-2.180000000000000000e+02
1.689068164842772480e+18,-4.000000000000000000e+02,-1.750000000000000000e+02,-2.560000000000000000e+02
1.689068164842785280e+18,-5.250000000000000000e+02,-1.310000000000000000e+02,-1.990000000000000000e+02
1.689068164842798336e+18,-4.560000000000000000e+02,-1.920000000000000000e+02,-1.160000000000000000e+02
1.689068164842811136e+18,-4.000000000000000000e+02,-2.240000000000000000e+02,-1.330000000000000000e+02
1.689068164842824960e+18,-5.370000000000000000e+02,-1.440000000000000000e+02,-1.280000000000000000e+02
1.689068164842837504e+18,-6.010000000000000000e+02,-1.990000000000000000e+02,-1.030000000000000000e+02
1.689068164842850304e+18,-5.800000000000000000e+02,-3.280000000000000000e+02,-5.600000000000000000e+01
1.689068164842862848e+18,-6.660000000000000000e+02,-3.640000000000000000e+02,-4.000000000000000000e+00
1.689068164842878464e+18,-7.330000000000000000e+02,-3.500000000000000000e+02,5.600000000000000000e+01
1.689068164842891776e+18,-6.980000000000000000e+02,-3.480000000000000000e+02,9.900000000000000000e+01
1.689068164842904832e+18,-6.600000000000000000e+02,-3.040000000000000000e+02,1.870000000000000000e+02
1.689068164842917632e+18,-5.990000000000000000e+02,-2.010000000000000000e+02,2.710000000000000000e+02
1.689068164842930688e+18,-5.290000000000000000e+02,-1.290000000000000000e+02,2.710000000000000000e+02
1.689068164842946560e+18,-4.710000000000000000e+02,-8.800000000000000000e+01,2.240000000000000000e+02
1.689068164842959616e+18,-4.290000000000000000e+02,-1.150000000000000000e+02,1.430000000000000000e+02
1.689068164842979328e+18,-4.560000000000000000e+02,-1.880000000000000000e+02,9.900000000000000000e+01
1.689068164842992128e+18,-4.960000000000000000e+02,-2.240000000000000000e+02,8.300000000000000000e+01
1.689068164843005184e+18,-4.880000000000000000e+02,-2.790000000000000000e+02,1.020000000000000000e+02
1.689068164843018240e+18,-4.770000000000000000e+02,-2.360000000000000000e+02,1.040000000000000000e+02
1.689068164843031552e+18,-4.450000000000000000e+02,-1.430000000000000000e+02,8.800000000000000000e+01
1.689068164843044352e+18,-4.240000000000000000e+02,-8.800000000000000000e+01,7.100000000000000000e+01
1.689068164843057920e+18,-4.000000000000000000e+02,-1.030000000000000000e+02,8.800000000000000000e+01
1.689068164843070976e+18,-3.850000000000000000e+02,-1.640000000000000000e+02,1.240000000000000000e+02
1.689068164843084544e+18,-3.560000000000000000e+02,-2.070000000000000000e+02,1.350000000000000000e+02
1.689068164843097600e+18,-3.540000000000000000e+02,-2.350000000000000000e+02,1.150000000000000000e+02
1.689068164843111168e+18,-3.460000000000000000e+02,-2.390000000000000000e+02,1.020000000000000000e+02
1.689068164843123968e+18,-3.360000000000000000e+02,-2.360000000000000000e+02,1.030000000000000000e+02
1.689068164843136768e+18,-3.400000000000000000e+02,-2.550000000000000000e+02,1.500000000000000000e+02
1.689068164843150592e+18,-3.880000000000000000e+02,-2.550000000000000000e+02,2.140000000000000000e+02
1.689068164843167744e+18,-4.130000000000000000e+02,-2.630000000000000000e+02,2.160000000000000000e+02
1.689068164843180800e+18,-4.230000000000000000e+02,-2.620000000000000000e+02,1.720000000000000000e+02
1.689068164843194112e+18,-4.320000000000000000e+02,-2.590000000000000000e+02,1.200000000000000000e+02
1.689068164843206912e+18,-4.770000000000000000e+02,-2.910000000000000000e+02,9.600000000000000000e+01
1.689068164843219712e+18,-4.810000000000000000e+02,-3.190000000000000000e+02,7.600000000000000000e+01
1.689068164843233024e+18,-4.580000000000000000e+02,-2.870000000000000000e+02,5.600000000000000000e+01
1.689068164843246080e+18,-4.410000000000000000e+02,-2.310000000000000000e+02,3.300000000000000000e+01
1.689068164843260672e+18,-4.450000000000000000e+02,-1.960000000000000000e+02,5.600000000000000000e+01
1.689068164843273984e+18,-4.580000000000000000e+02,-1.760000000000000000e+02,1.110000000000000000e+02
1.689068164843286528e+18,-4.520000000000000000e+02,-1.130000000000000000e+02,1.400000000000000000e+02
1.689068164843299584e+18,-4.490000000000000000e+02,-6.500000000000000000e+01,1.320000000000000000e+02
1.689068164843319296e+18,-4.500000000000000000e+02,-5.100000000000000000e+01,1.120000000000000000e+02
1.689068164843333120e+18,-4.630000000000000000e+02,-7.900000000000000000e+01,1.030000000000000000e+02
1.689068164843346176e+18,-4.680000000000000000e+02,-1.130000000000000000e+02,9.600000000000000000e+01
1.689068164843359232e+18,-4.730000000000000000e+02,-1.260000000000000000e+02,7.800000000000000000e+01
1.689068164843372544e+18,-4.810000000000000000e+02,-1.340000000000000000e+02,7.600000000000000000e+01
1.689068164843385600e+18,-4.930000000000000000e+02,-1.390000000000000000e+02,8.300000000000000000e+01
1.689068164843398656e+18,-4.900000000000000000e+02,-1.590000000000000000e+02,7.600000000000000000e+01
1.689068164843412480e+18,-4.760000000000000000e+02,-1.840000000000000000e+02,7.000000000000000000e+01
1.689068164843425024e+18,-4.630000000000000000e+02,-2.010000000000000000e+02,4.800000000000000000e+01
1.689068164843437824e+18,-4.550000000000000000e+02,-2.070000000000000000e+02,5.700000000000000000e+01
1.689068164843450624e+18,-4.570000000000000000e+02,-2.220000000000000000e+02,7.100000000000000000e+01
1.689068164843463936e+18,-4.340000000000000000e+02,-2.000000000000000000e+02,7.600000000000000000e+01
1.689068164843476992e+18,-4.320000000000000000e+02,-1.590000000000000000e+02,6.700000000000000000e+01
1.689068164843490048e+18,-4.390000000000000000e+02,-1.350000000000000000e+02,6.700000000000000000e+01
1.689068164843503104e+18,-4.360000000000000000e+02,-1.430000000000000000e+02,7.600000000000000000e+01
1.689068164843515904e+18,-4.340000000000000000e+02,-1.430000000000000000e+02,7.100000000000000000e+01
1.689068164843528960e+18,-4.410000000000000000e+02,-1.350000000000000000e+02,6.200000000000000000e+01
1.689068164843545344e+18,-4.610000000000000000e+02,-1.400000000000000000e+02,4.900000000000000000e+01
1.689068164843561472e+18,-4.690000000000000000e+02,-1.430000000000000000e+02,5.100000000000000000e+01
1.689068164843574784e+18,-4.720000000000000000e+02,-1.470000000000000000e+02,4.100000000000000000e+01
1.689068164843587840e+18,-4.730000000000000000e+02,-1.660000000000000000e+02,2.700000000000000000e+01
1.689068164843600896e+18,-4.810000000000000000e+02,-1.910000000000000000e+02,1.400000000000000000e+01
1.689068164843613952e+18,-4.880000000000000000e+02,-2.140000000000000000e+02,1.100000000000000000e+01
1.689068164843627008e+18,-4.770000000000000000e+02,-2.000000000000000000e+02,7.000000000000000000e+00
1.689068164843640064e+18,-4.630000000000000000e+02,-2.120000000000000000e+02,4.000000000000000000e+00
1.689068164843662080e+18,-4.720000000000000000e+02,-2.230000000000000000e+02,1.500000000000000000e+01
1.689068164843674880e+18,-4.610000000000000000e+02,-2.360000000000000000e+02,4.600000000000000000e+01
1.689068164843687680e+18,-4.450000000000000000e+02,-2.220000000000000000e+02,7.900000000000000000e+01
1.689068164843700224e+18,-4.170000000000000000e+02,-1.980000000000000000e+02,1.240000000000000000e+02
1.689068164843713536e+18,-4.160000000000000000e+02,-1.820000000000000000e+02,1.840000000000000000e+02
1.689068164843726592e+18,-4.200000000000000000e+02,-1.470000000000000000e+02,2.380000000000000000e+02
1.689068164843740416e+18,-4.150000000000000000e+02,-1.350000000000000000e+02,2.480000000000000000e+02
1.689068164843753472e+18,-4.080000000000000000e+02,-1.480000000000000000e+02,2.110000000000000000e+02
1.689068164843766016e+18,-4.130000000000000000e+02,-1.400000000000000000e+02,1.980000000000000000e+02
1.689068164843778816e+18,-4.330000000000000000e+02,-1.370000000000000000e+02,1.950000000000000000e+02
1.689068164843791360e+18,-4.450000000000000000e+02,-1.560000000000000000e+02,1.820000000000000000e+02
1.689068164843804160e+18,-4.360000000000000000e+02,-1.530000000000000000e+02,1.830000000000000000e+02
1.689068164843816704e+18,-4.370000000000000000e+02,-1.440000000000000000e+02,1.770000000000000000e+02
1.689068164843829760e+18,-4.370000000000000000e+02,-1.350000000000000000e+02,1.900000000000000000e+02
1.689068164843842816e+18,-4.360000000000000000e+02,-1.200000000000000000e+02,2.090000000000000000e+02
1.689068164843856384e+18,-4.280000000000000000e+02,-1.430000000000000000e+02,2.240000000000000000e+02
1.689068164843869440e+18,-4.410000000000000000e+02,-1.440000000000000000e+02,2.160000000000000000e+02
1.689068164843882752e+18,-4.490000000000000000e+02,-1.370000000000000000e+02,1.990000000000000000e+02
1.689068164843895808e+18,-4.640000000000000000e+02,-1.520000000000000000e+02,2.030000000000000000e+02
1.689068164843909376e+18,-4.630000000000000000e+02,-1.670000000000000000e+02,2.160000000000000000e+02
1.689068164843924736e+18,-4.520000000000000000e+02,-1.690000000000000000e+02,2.070000000000000000e+02
1.689068164843939328e+18,-4.710000000000000000e+02,-1.320000000000000000e+02,1.800000000000000000e+02
1.689068164843952640e+18,-4.720000000000000000e+02,-1.200000000000000000e+02,1.740000000000000000e+02
1.689068164843965952e+18,-4.490000000000000000e+02,-1.030000000000000000e+02,1.800000000000000000e+02
1.689068164843979008e+18,-4.240000000000000000e+02,-1.160000000000000000e+02,1.760000000000000000e+02
1.689068164843994112e+18,-4.100000000000000000e+02,-1.150000000000000000e+02,1.950000000000000000e+02
1.689068164844007936e+18,-4.100000000000000000e+02,-1.450000000000000000e+02,2.330000000000000000e+02
1.689068164844020480e+18,-4.160000000000000000e+02,-1.630000000000000000e+02,2.710000000000000000e+02
1.689068164844033792e+18,-4.240000000000000000e+02,-1.640000000000000000e+02,2.830000000000000000e+02
1.689068164844046848e+18,-4.340000000000000000e+02,-1.720000000000000000e+02,2.860000000000000000e+02
1.689068164844059648e+18,-4.580000000000000000e+02,-1.470000000000000000e+02,2.750000000000000000e+02
1.689068164844072704e+18,-4.630000000000000000e+02,-1.040000000000000000e+02,2.550000000000000000e+02
1.689068164844085760e+18,-4.360000000000000000e+02,-8.300000000000000000e+01,2.300000000000000000e+02
1.689068164844099328e+18,-4.240000000000000000e+02,-8.300000000000000000e+01,2.060000000000000000e+02
1.689068164844112384e+18,-4.200000000000000000e+02,-9.600000000000000000e+01,1.980000000000000000e+02
1.689068164844125696e+18,-4.160000000000000000e+02,-8.900000000000000000e+01,2.400000000000000000e+02
1.689068164844139776e+18,-4.010000000000000000e+02,-1.030000000000000000e+02,2.400000000000000000e+02
1.689068164844152576e+18,-4.130000000000000000e+02,-1.430000000000000000e+02,2.070000000000000000e+02
1.689068164844166144e+18,-4.090000000000000000e+02,-1.840000000000000000e+02,2.010000000000000000e+02
1.689068164844179456e+18,-4.240000000000000000e+02,-2.140000000000000000e+02,2.110000000000000000e+02
1.689068164844192512e+18,-4.330000000000000000e+02,-2.350000000000000000e+02,2.110000000000000000e+02
1.689068164844205056e+18,-4.210000000000000000e+02,-2.010000000000000000e+02,2.170000000000000000e+02
1.689068164844217856e+18,-4.150000000000000000e+02,-1.630000000000000000e+02,2.310000000000000000e+02
1.689068164844233472e+18,-4.240000000000000000e+02,-1.000000000000000000e+02,2.400000000000000000e+02
1.689068164844246528e+18,-4.410000000000000000e+02,-7.100000000000000000e+01,2.250000000000000000e+02
1.689068164844259328e+18,-4.560000000000000000e+02,-1.020000000000000000e+02,2.080000000000000000e+02
1.689068164844272640e+18,-4.710000000000000000e+02,-1.100000000000000000e+02,2.000000000000000000e+02
1.689068164844285696e+18,-4.790000000000000000e+02,-1.150000000000000000e+02,1.850000000000000000e+02
1.689068164844298752e+18,-4.840000000000000000e+02,-1.470000000000000000e+02,1.630000000000000000e+02
1.689068164844311808e+18,-4.800000000000000000e+02,-1.340000000000000000e+02,1.480000000000000000e+02
1.689068164844331264e+18,-4.850000000000000000e+02,-1.120000000000000000e+02,1.600000000000000000e+02
1.689068164844344576e+18,-4.680000000000000000e+02,-1.430000000000000000e+02,1.830000000000000000e+02
1.689068164844357888e+18,-4.400000000000000000e+02,-1.790000000000000000e+02,1.800000000000000000e+02
1.689068164844371456e+18,-3.880000000000000000e+02,-1.920000000000000000e+02,1.670000000000000000e+02
1.689068164844388352e+18,-3.860000000000000000e+02,-1.800000000000000000e+02,1.520000000000000000e+02
1.689068164844402688e+18,-4.130000000000000000e+02,-2.240000000000000000e+02,1.470000000000000000e+02
1.689068164844416256e+18,-4.210000000000000000e+02,-2.730000000000000000e+02,1.190000000000000000e+02
1.689068164844429568e+18,-4.150000000000000000e+02,-2.800000000000000000e+02,8.300000000000000000e+01
1.689068164844442368e+18,-4.070000000000000000e+02,-3.000000000000000000e+02,9.600000000000000000e+01
1.689068164844455936e+18,-4.230000000000000000e+02,-3.050000000000000000e+02,1.350000000000000000e+02
1.689068164844469248e+18,-4.330000000000000000e+02,-2.890000000000000000e+02,1.440000000000000000e+02
1.689068164844482816e+18,-4.410000000000000000e+02,-2.490000000000000000e+02,1.180000000000000000e+02
1.689068164844495872e+18,-4.450000000000000000e+02,-2.300000000000000000e+02,1.130000000000000000e+02
1.689068164844509184e+18,-4.480000000000000000e+02,-2.390000000000000000e+02,1.240000000000000000e+02
1.689068164844521984e+18,-4.520000000000000000e+02,-2.220000000000000000e+02,1.450000000000000000e+02
1.689068164844535040e+18,-4.520000000000000000e+02,-1.950000000000000000e+02,1.430000000000000000e+02
1.689068164844548608e+18,-4.370000000000000000e+02,-1.790000000000000000e+02,1.270000000000000000e+02
1.689068164844561664e+18,-4.410000000000000000e+02,-1.720000000000000000e+02,1.210000000000000000e+02
1.689068164844574720e+18,-4.370000000000000000e+02,-1.880000000000000000e+02,1.150000000000000000e+02
1.689068164844588544e+18,-4.290000000000000000e+02,-1.950000000000000000e+02,1.110000000000000000e+02
1.689068164844601600e+18,-4.250000000000000000e+02,-1.960000000000000000e+02,1.080000000000000000e+02
1.689068164844615680e+18,-4.240000000000000000e+02,-1.990000000000000000e+02,1.130000000000000000e+02
1.689068164844628736e+18,-4.240000000000000000e+02,-1.900000000000000000e+02,1.430000000000000000e+02
1.689068164844642048e+18,-4.240000000000000000e+02,-1.900000000000000000e+02,1.510000000000000000e+02
1.689068164844655360e+18,-4.240000000000000000e+02,-1.880000000000000000e+02,1.520000000000000000e+02
1.689068164844677120e+18,-4.410000000000000000e+02,-2.090000000000000000e+02,1.530000000000000000e+02
1.689068164844689920e+18,-4.490000000000000000e+02,-1.840000000000000000e+02,1.610000000000000000e+02
1.689068164844705024e+18,-4.490000000000000000e+02,-1.830000000000000000e+02,1.430000000000000000e+02
1.689068164844717824e+18,-4.570000000000000000e+02,-1.760000000000000000e+02,1.510000000000000000e+02
1.689068164844733440e+18,-4.120000000000000000e+02,-1.840000000000000000e+02,1.680000000000000000e+02
1.689068164844750080e+18,-4.360000000000000000e+02,-1.800000000000000000e+02,1.720000000000000000e+02
1.689068164844763648e+18,-4.500000000000000000e+02,-1.990000000000000000e+02,1.840000000000000000e+02
1.689068164844779008e+18,-4.160000000000000000e+02,-1.880000000000000000e+02,1.680000000000000000e+02
1.689068164844796672e+18,-4.420000000000000000e+02,-1.830000000000000000e+02,2.010000000000000000e+02
1.689068164844811264e+18,-4.730000000000000000e+02,-1.930000000000000000e+02,2.550000000000000000e+02
1.689068164844824576e+18,-4.130000000000000000e+02,-1.880000000000000000e+02,1.520000000000000000e+02
1.689068164844837888e+18,-4.010000000000000000e+02,-2.700000000000000000e+02,1.910000000000000000e+02
1.689068164844850688e+18,-4.090000000000000000e+02,-3.270000000000000000e+02,2.070000000000000000e+02
1.689068164844865024e+18,-4.230000000000000000e+02,-3.320000000000000000e+02,2.000000000000000000e+02
1.689068164844882176e+18,-3.650000000000000000e+02,-3.040000000000000000e+02,2.150000000000000000e+02
1.689068164844895488e+18,-3.030000000000000000e+02,-3.950000000000000000e+02,2.520000000000000000e+02
1.689068164844908544e+18,-2.760000000000000000e+02,-3.880000000000000000e+02,2.810000000000000000e+02
1.689068164844921600e+18,-2.850000000000000000e+02,-3.440000000000000000e+02,3.239300000000000000e+05
1.689068164844934656e+18,-2.600000000000000000e+02,-4.000000000000000000e+02,3.120000000000000000e+02
1.689068164844950272e+18,-2.760000000000000000e+02,-3.230000000000000000e+02,4.400000000000000000e+02
1.689068164844963840e+18,-1.760000000000000000e+02,-3.360000000000000000e+02,4.720000000000000000e+02
1.689068164844977152e+18,-1.730000000000000000e+02,-2.800000000000000000e+02,4.840000000000000000e+02
1.689068164844994048e+18,-8.400000000000000000e+01,-3.760000000000000000e+02,4.170000000000000000e+02
1.689068164845008128e+18,-4.400000000000000000e+01,-3.350000000000000000e+02,3.990000000000000000e+02
1.689068164845023488e+18,3.000000000000000000e+01,-2.750000000000000000e+02,3.000000000000000000e+00
1.689068164845052928e+18,1.770000000000000000e+02,-2.070000000000000000e+02,2.240000000000000000e+02
1.689068164845068032e+18,1.200000000000000000e+02,-2.090000000000000000e+02,2.310000000000000000e+02
1.689068164845083392e+18,-9.800000000000000000e+01,-4.560000000000000000e+02,6.500000000000000000e+01
1.689068164845099008e+18,-2.920000000000000000e+02,-5.360000000000000000e+02,1.840000000000000000e+02
1.689068164845111808e+18,-2.710000000000000000e+02,-5.880000000000000000e+02,2.170000000000000000e+02
1.689068164845124608e+18,-9.500000000000000000e+01,-5.720000000000000000e+02,3.440000000000000000e+02
1.689068164845137408e+18,2.700000000000000000e+01,-4.790000000000000000e+02,3.720000000000000000e+02
1.689068164845150208e+18,1.400000000000000000e+02,-4.320000000000000000e+02,3.760000000000000000e+02
1.689068164845169664e+18,4.280000000000000000e+02,-4.230000000000000000e+02,2.960000000000000000e+02
1.689068164845184256e+18,4.230000000000000000e+02,-4.040000000000000000e+02,1.150000000000000000e+02
1.689068164845197568e+18,3.550000000000000000e+02,-3.670000000000000000e+02,1.200000000000000000e+02
1.689068164845212416e+18,3.470000000000000000e+02,-3.550000000000000000e+02,9.500000000000000000e+01
1.689068164845227008e+18,1.110000000000000000e+02,-4.830000000000000000e+02,1.030000000000000000e+02
1.689068164845240064e+18,6.000000000000000000e+01,-3.440000000000000000e+02,1.590000000000000000e+02
1.689068164845252864e+18,1.900000000000000000e+01,-2.800000000000000000e+02,1.680000000000000000e+02
1.689068164845265920e+18,2.500000000000000000e+01,-4.390000000000000000e+02,1.530000000000000000e+02
1.689068164845283072e+18,5.400000000000000000e+01,-5.660000000000000000e+02,2.000000000000000000e+00
